maro
1|0|3|5|5|u|0|_|a|3|5|5
1|0|5|6|1|u|0|_|a|5|6|1
1|0|5|2|9|u|0|_|a|5|2|9
1|0|4|1|1|u|0|_|a|4|1|1
1|0|1|9|5|u|0|_|a|1|9|5
1|0|4|9|4|u|0|_|a|4|9|4
1|0|2|7|5|u|0|_|a|2|7|5
1|0|9|8|6|u|0|_|a|9|8|6
1|0|2|6|5|u|0|_|a|2|6|5
1|0|2|2|5|u|0|_|a|2|2|5
1|0|2|9|7|u|0|_|a|2|9|7
1|0|3|5|7|u|0|_|a|3|5|7
1|1|1|6|6|u|0|_|a|1|1|6|6
1|0|4|7|7|u|0|_|a|4|7|7
1|0|2|5|3|u|0|_|a|2|5|3
1|0|5|1|6|u|0|_|a|5|1|6
1|0|3|5|6|u|0|_|a|3|5|6
1|0|4|7|6|u|0|_|a|4|7|6
1|0|2|6|8|u|0|_|a|2|6|8
1|0|2|8|3|u|0|_|a|2|8|3
1|0|2|5|1|u|0|_|a|2|5|1
1|0|6|9|1|u|0|_|a|6|9|1
1|0|2|7|9|u|0|_|a|2|7|9
1|0|2|7|9|u|0|_|a|2|7|9
1X0X3X5X5XuX0X_XaX3X5X5
1|0|3|8|3|u|0|_|a|3|8|3
1|1|2|2|6|u|0|_|a|1|2|2|6
1|0|2|7|0|u|0|_|a|2|7|0
